0.15912604331970215,0,0,0,0,0,0,0,0,0,0,0,0,0,0,0,0
0.8692905902862549,0,0,0,0,0,0,0,0,0,0,0,0,0,0,0,0
1.5799033641815186,0,0,0,0,0,0,0,0,0,0,0,0,0,0,0,0
2.2886440753936768,0,0,0,0,0,0,0,0,0,0,0,0,0,0,0,0
3.0021162033081055,0,0,0,0,0,0,0,0,0,0,0,0,0,0,0,0
3.7154881954193115,0,0,0,0,0,0,0,0,0,0,0,0,0,0,0,0
4.424175500869751,0,0,0,0,0,0,0,0,0,0,0,0,0,0,0,0
5.137845277786255,0,0,0,0,0,0,0,0,0,0,0,0,0,0,0,0
5.847673654556274,0,0,0,0,0,0,0,0,0,0,0,0,0,0,0,0
6.561508893966675,0,0,0,0,0,0,0,0,0,0,0,0,0,0,0,0
7.270869016647339,0,0,0,0,0,0,0,0,0,0,0,0,0,0,0,0
7.97993540763855,0,0,0,0,0,0,0,0,0,0,0,0,0,0,0,0
8.688806533813477,0,0,0,0,0,0,0,0,0,0,0,0,0,0,0,0
9.398199319839478,0,0,0,0,0,0,0,0,0,0,0,0,0,0,0,0
10.1110999584198,0,0,0,0,0,0,0,0,0,0,0,0,0,0,0,0
10.82050371170044,0,0,0,0,0,0,0,0,0,0,0,0,0,0,0,0
11.53343677520752,0,0,0,0,0,0,0,0,0,0,0,0,0,0,0,0
12.243221044540405,0,0,0,0,0,0,0,0,0,0,0,0,0,0,0,0
12.952449798583984,0,0,0,0,0,0,0,0,0,0,0,0,0,0,0,0
13.662415504455566,0,0,0,0,0,0,0,0,0,0,0,0,0,0,0,0
14.375916957855225,0,0,0,0,0,0,0,0,0,0,0,0,0,0,0,0
15.084834575653076,0,0,0,0,0,0,0,0,0,0,0,0,0,0,0,0
15.795090675354004,0,0,0,0,0,0,0,0,0,0,0,0,0,0,0,0
16.50845694541931,0,0,0,0,0,0,0,0,0,0,0,0,0,0,0,0
17.21754789352417,0,0,0,0,0,0,0,0,0,0,0,0,0,0,0,0
17.92631506919861,0,0,0,0,0,0,0,0,0,0,0,0,0,0,0,0
18.64029335975647,0,0,1,0,0,0,0,0,0,0,0,0,0,0,0,1
19.348920345306396,0,0,0,0,0,0,0,0,0,0,0,0,0,0,0,0
20.062402725219727,0,0,0,0,0,0,0,0,0,0,0,0,0,0,0,0
20.771353483200073,0,0,0,0,0,0,0,0,0,0,0,0,0,0,0,0
21.480331659317017,0,0,0,0,0,0,0,0,0,0,0,0,0,0,0,0
22.19370198249817,0,0,0,0,0,0,0,0,0,0,0,0,0,0,0,0
22.906850576400757,0,0,0,0,0,0,0,0,0,0,0,0,0,0,0,0
23.619828701019287,0,0,1,0,0,0,0,0,0,0,0,0,0,0,0,1
24.328677892684937,0,0,0,0,0,0,0,0,0,0,0,0,0,0,0,0
25.03843092918396,0,0,0,0,0,0,0,0,0,0,0,0,0,0,0,0
25.7511944770813,0,0,0,0,0,0,0,0,0,0,0,0,0,0,0,0
26.460345029830933,0,0,0,0,0,0,0,0,0,0,0,0,0,0,0,0
27.17347550392151,0,0,0,0,0,0,0,0,0,0,0,0,0,0,0,0
27.88251280784607,0,0,0,0,0,0,0,0,0,0,0,0,0,0,0,0
28.591759204864502,0,0,0,0,0,0,0,0,0,0,0,0,0,0,0,0
29.30536985397339,0,0,0,0,0,0,0,0,0,0,0,0,0,0,0,0
30.014033794403076,0,0,0,0,0,0,0,0,0,0,0,0,0,0,0,0
30.73043966293335,0,0,0,0,0,0,0,0,0,0,0,0,0,0,0,0
31.440164804458618,0,0,0,0,0,0,0,0,0,0,0,0,0,0,0,0
32.14881944656372,0,0,0,0,0,0,0,0,0,0,0,0,0,0,0,0
32.8573853969574,0,0,0,0,0,0,0,0,0,0,0,0,0,0,0,0
33.566563844680786,0,0,1,0,0,0,0,0,0,0,0,0,0,0,0,1
34.27946662902832,0,0,0,0,0,0,0,0,0,0,0,0,0,0,0,0
34.98863625526428,0,0,0,0,0,0,0,0,0,0,0,0,0,0,0,0
35.697582483291626,0,0,0,0,0,0,0,0,0,0,0,0,0,0,0,0
36.410232067108154,0,0,0,0,0,0,0,0,0,0,0,0,0,0,0,0
37.11910676956177,0,0,0,0,0,0,0,0,0,0,0,0,0,0,0,0
37.8323872089386,0,0,0,0,0,0,0,0,0,0,0,0,0,0,0,0
38.54536485671997,0,0,0,0,0,0,0,0,0,0,0,0,0,0,0,1
39.25470995903015,0,0,0,0,0,0,0,0,0,0,0,0,0,0,0,0
39.96380877494812,0,0,0,0,0,0,0,0,0,0,0,0,0,0,0,0
40.67265319824219,0,0,0,0,0,0,0,0,0,0,0,0,0,0,0,0
41.38597321510315,0,0,0,0,0,0,0,0,0,0,0,0,0,0,0,0
42.09492516517639,0,0,0,0,0,0,0,0,0,0,0,0,0,0,0,0
42.80391716957092,0,0,0,0,0,0,0,0,0,0,0,0,0,0,0,0
43.5128960609436,0,0,0,0,0,0,0,0,0,0,0,0,0,0,0,1
44.226319313049316,0,0,0,0,0,0,0,0,0,0,0,0,0,0,0,0
44.93542742729187,0,0,0,0,0,0,0,0,0,0,0,0,0,0,0,0
45.64457392692566,0,0,0,0,0,0,0,0,0,0,0,0,0,0,0,0
46.358259439468384,0,0,0,0,0,0,0,0,0,0,0,0,0,0,0,0
47.07146096229553,0,0,0,0,0,0,0,0,0,0,0,0,0,0,0,0
47.78042674064636,0,0,0,0,0,0,0,0,0,0,0,0,0,0,0,0
48.493976354599,0,0,0,0,0,0,0,0,0,0,0,0,0,0,0,0
49.20270299911499,0,0,0,0,0,0,0,0,0,0,0,0,0,0,0,0
49.91635227203369,0,0,0,0,0,0,0,0,0,0,0,0,0,0,0,0
50.62980532646179,0,0,0,0,0,0,0,0,0,0,0,0,0,0,0,0
51.339433670043945,0,0,0,0,0,0,0,0,0,0,0,0,0,0,0,0
52.048197746276855,0,0,0,0,0,0,0,0,0,0,0,0,0,0,0,0
52.76176905632019,0,0,0,0,0,0,0,0,0,0,0,0,0,0,0,0
53.47104740142822,0,0,0,0,0,0,0,0,0,0,0,0,0,0,0,0
54.18813133239746,0,0,0,0,0,0,0,0,0,0,0,0,0,0,0,0
54.8974027633667,0,0,0,0,0,0,0,0,0,0,0,0,0,0,0,0
55.606316566467285,0,0,0,0,0,0,0,0,0,0,0,0,0,0,0,0
56.31962752342224,0,0,0,0,0,0,0,0,0,0,0,0,0,0,0,0
57.03302216529846,0,0,0,0,0,0,0,0,0,0,0,0,0,0,0,0
57.74634623527527,0,0,0,0,0,0,0,0,0,0,0,0,0,0,0,0
58.45750284194946,0,0,0,0,0,0,0,0,0,0,0,0,0,0,0,0
59.164037227630615,0,0,1,0,0,0,0,0,0,0,0,0,0,0,0,1
59.87752914428711,0,0,0,0,0,0,0,0,0,0,0,0,0,0,0,0
